                              IERS Bulletin A                   No. 1574
                  Values of Earth Orientation Parameters *
   YR MO DA   MJD        x     error      y     error   UT1-UTC   error
   12 11  1  56232   0.14335 0.00003  0.31132 0.00003  0.343950 0.000004
   12 11  2  56233   0.14247 0.00002  0.31123 0.00003  0.343227 0.000004
   12 11  3  56234   0.14152 0.00002  0.31104 0.00003  0.342539 0.000004
   12 11  4  56235   0.14063 0.00003  0.31038 0.00003  0.341798 0.000004
   12 11  5  56236   0.13965 0.00003  0.30946 0.00003  0.340956 0.000004
   12 11  6  56237   0.13874 0.00003  0.30843 0.00003  0.340001 0.000006
   12 11  7  56238   0.13811 0.00003  0.30761 0.00003  0.338947 0.000007
   12 11  8  56239   0.13773 0.00003  0.30697 0.00003  0.337730 0.000010
   12 11  9  56240   0.13740 0.00003  0.30674 0.00003  0.336379 0.000010
   12 11 10  56241   0.13642 0.00002  0.30681 0.00003  0.335000 0.000010
   12 11 11  56242   0.13517 0.00003  0.30664 0.00003  0.333547 0.000006
   12 11 12  56243   0.13426 0.00003  0.30624 0.00002  0.332025 0.000006
   12 11 13  56244   0.13335 0.00003  0.30582 0.00002  0.330531 0.000006
   12 11 14  56245   0.13233 0.00003  0.30559 0.00002  0.329136 0.000003
   12 11 15  56246   0.13127 0.00003  0.30540 0.00003  0.327823 0.000003
   12 11 16  56247   0.13040 0.00003  0.30498 0.00003  0.326523 0.000003
   12 11 17  56248   0.12997 0.00002  0.30459 0.00002  0.325211 0.000005
   12 11 18  56249   0.12960 0.00003  0.30459 0.00003  0.323785 0.000006
   12 11 19  56250   0.12885 0.00003  0.30449 0.00003  0.322188 0.000005
   12 11 20  56251   0.12771 0.00002  0.30413 0.00002  0.320471 0.000006
   12 11 21  56252   0.12627 0.00002  0.30371 0.00002  0.318732 0.000006
   12 11 22  56253   0.12483 0.00003  0.30303 0.00002  0.317009 0.000006
   12 11 23  56254   0.12371 0.00003  0.30229 0.00002  0.315331 0.000006
   12 11 24  56255   0.12276 0.00002  0.30176 0.00002  0.313747 0.000006
   12 11 25  56256   0.12144 0.00003  0.30129 0.00002  0.312336 0.000004
   12 11 26  56257   0.12038 0.00003  0.30070 0.00002  0.311061 0.000004
   12 11 27  56258   0.12009 0.00003  0.30042 0.00002  0.309888 0.000004
   12 11 28  56259   0.11976 0.00003  0.30058 0.00002  0.308849 0.000003
   12 11 29  56260   0.11926 0.00002  0.30062 0.00002  0.307913 0.000003
   12 11 30  56261   0.11887 0.00003  0.30052 0.00002  0.307011 0.000002
   12 12  1  56262   0.11844 0.00002  0.30022 0.00002  0.306140 0.000002
   12 12  2  56263   0.11772 0.00003  0.29980 0.00003  0.305187 0.000002
   12 12  3  56264   0.11667 0.00003  0.29945 0.00003  0.304151 0.000002
   12 12  4  56265   0.11582 0.00002  0.29928 0.00003  0.303042 0.000004
   12 12  5  56266   0.11513 0.00003  0.29946 0.00003  0.301839 0.000003
   12 12  6  56267   0.11408 0.00003  0.29945 0.00003  0.300538 0.000004
   12 12  7  56268   0.11253 0.00003  0.29930 0.00003  0.299175 0.000003
   12 12  8  56269   0.11080 0.00002  0.29903 0.00003  0.297825 0.000004
   12 12  9  56270   0.10959 0.00003  0.29838 0.00003  0.296469 0.000003
   12 12 10  56271   0.10863 0.00003  0.29771 0.00002  0.295125 0.000003
   12 12 11  56272   0.10741 0.00003  0.29711 0.00002  0.293898 0.000003
   12 12 12  56273   0.10615 0.00003  0.29671 0.00003  0.292808 0.000002
   12 12 13  56274   0.10475 0.00003  0.29632 0.00003  0.291842 0.000005
   12 12 14  56275   0.10305 0.00003  0.29562 0.00003  0.290943 0.000005
   12 12 15  56276   0.10107 0.00003  0.29481 0.00003  0.290034 0.000009
   12 12 16  56277   0.09901 0.00003  0.29397 0.00003  0.289030 0.000009
   12 12 17  56278   0.09682 0.00003  0.29336 0.00003  0.287947 0.000006
   12 12 18  56279   0.09471 0.00002  0.29264 0.00003  0.286819 0.000007
   12 12 19  56280   0.09306 0.00004  0.29181 0.00003  0.285701 0.000005
   12 12 20  56281   0.09150 0.00004  0.29132 0.00003  0.284677 0.000005
   12 12 21  56282   0.08999 0.00004  0.29117 0.00002  0.283801 0.000005
   12 12 22  56283   0.08860 0.00004  0.29110 0.00003  0.283060 0.000005
   12 12 23  56284   0.08751 0.00004  0.29074 0.00002  0.282345 0.000007
   12 12 24  56285   0.08687 0.00004  0.29035 0.00003  0.281676 0.000006
   12 12 25  56286   0.08634 0.00003  0.29026 0.00003  0.281109 0.000012
   12 12 26  56287   0.08570 0.00004  0.29040 0.00003  0.280622 0.000004
   12 12 27  56288   0.08472 0.00004  0.29051 0.00003  0.280162 0.000005
   12 12 28  56289   0.08293 0.00004  0.29046 0.00003  0.279708 0.000005
   12 12 29  56290   0.08080 0.00004  0.29021 0.00003  0.279246 0.000005
   12 12 30  56291   0.07899 0.00004  0.28998 0.00003  0.278656 0.000005
   12 12 31  56292   0.07723 0.00002  0.28991 0.00002  0.277926 0.000004
   13  1  1  56293   0.07531 0.00002  0.28988 0.00002  0.277089 0.000008
   13  1  2  56294   0.07329 0.00003  0.28987 0.00002  0.276128 0.000004
   13  1  3  56295   0.07146 0.00003  0.28972 0.00002  0.275037 0.000003
   13  1  4  56296   0.07009 0.00003  0.28958 0.00002  0.273858 0.000003
   13  1  5  56297   0.06906 0.00003  0.28956 0.00002  0.272655 0.000003
   13  1  6  56298   0.06817 0.00003  0.28969 0.00002  0.271466 0.000003
   13  1  7  56299   0.06722 0.00002  0.29004 0.00002  0.270394 0.000002
   13  1  8  56300   0.06628 0.00002  0.29055 0.00002  0.269461 0.000004
   13  1  9  56301   0.06536 0.00003  0.29131 0.00004  0.268616 0.000004
   13  1 10  56302   0.06438 0.00003  0.29219 0.00004  0.267770 0.000004
   13  1 11  56303   0.06326 0.00003  0.29301 0.00004  0.266806 0.000004
   13  1 12  56304   0.06197 0.00003  0.29364 0.00004  0.265724 0.000005
   13  1 13  56305   0.06062 0.00003  0.29432 0.00004  0.264488 0.000005
   13  1 14  56306   0.05939 0.00003  0.29514 0.00005  0.263074 0.000005
   13  1 15  56307   0.05831 0.00003  0.29590 0.00004  0.261557 0.000007
   13  1 16  56308   0.05706 0.00005  0.29659 0.00005  0.260073 0.000006
   13  1 17  56309   0.05552 0.00006  0.29743 0.00005  0.258676 0.000006
   13  1 18  56310   0.05408 0.00006  0.29837 0.00005  0.257377 0.000007
   13  1 19  56311   0.05294 0.00006  0.29941 0.00005  0.256126 0.000008
   13  1 20  56312   0.05172 0.00006  0.30066 0.00005  0.254978 0.000010
   13  1 21  56313   0.05045 0.00010  0.30183 0.00010  0.253885 0.000008
   13  1 22  56314   0.04947 0.00010  0.30288 0.00010  0.252815 0.000015
   13  1 23  56315   0.04868 0.00010  0.30403 0.00009  0.251747 0.000016
   13  1 24  56316   0.04790 0.00010  0.30510 0.00009  0.250647 0.000014
   13  1 25  56317   0.04715 0.00010  0.30589 0.00009  0.249512 0.000012
   13  1 26  56318   0.04643 0.00010  0.30647 0.00009  0.248392 0.000014
   13  1 27  56319   0.04571 0.00010  0.30686 0.00009  0.247149 0.000015
   13  1 28  56320   0.04495 0.00010  0.30717 0.00009  0.245776 0.000013
   13  1 29  56321   0.04405 0.00010  0.30759 0.00009  0.244321 0.000013
   13  1 30  56322   0.04327 0.00010  0.30824 0.00009  0.242808 0.000013
   13  1 31  56323   0.04276 0.00010  0.30917 0.00009  0.241231 0.000013
P  13  2  1  56324   0.0422  0.0006   0.3103  0.0004   0.23972  0.00011
P  13  2  2  56325   0.0417  0.0009   0.3114  0.0007   0.23831  0.00020
P  13  2  3  56326   0.0412  0.0011   0.3125  0.0009   0.23702  0.00030
P  13  2  4  56327   0.0407  0.0013   0.3136  0.0011   0.23587  0.00040
P  13  2  5  56328   0.0401  0.0015   0.3148  0.0013   0.23484  0.00050
P  13  2  6  56329   0.0396  0.0017   0.3158  0.0015   0.23390  0.00060
P  13  2  7  56330   0.0391  0.0018   0.3169  0.0016   0.23297  0.00070
P  13  2  8  56331   0.0387  0.0020   0.3180  0.0018   0.23196  0.00075
P  13  2  9  56332   0.0383  0.0021   0.3191  0.0019   0.23082  0.00055
P  13  2 10  56333   0.0379  0.0022   0.3202  0.0021   0.22949  0.00075
P  13  2 11  56334   0.0376  0.0024   0.3213  0.0022   0.22801  0.00093
P  13  2 12  56335   0.0373  0.0025   0.3224  0.0024   0.22643  0.00110
P  13  2 13  56336   0.0370  0.0026   0.3234  0.0025   0.22480  0.00125
P  13  2 14  56337   0.0367  0.0027   0.3245  0.0027   0.22320  0.00140
P  13  2 15  56338   0.0364  0.0028   0.3256  0.0028   0.22165  0.00154
P  13  2 16  56339   0.0362  0.0029   0.3267  0.0029   0.22018  0.00168
P  13  2 17  56340   0.0360  0.0030   0.3279  0.0031   0.21880  0.00181
P  13  2 18  56341   0.0359  0.0031   0.3290  0.0032   0.21752  0.00194
P  13  2 19  56342   0.0357  0.0032   0.3302  0.0033   0.21634  0.00207
P  13  2 20  56343   0.0356  0.0033   0.3313  0.0035   0.21521  0.00219
P  13  2 21  56344   0.0356  0.0034   0.3325  0.0036   0.21408  0.00231
P  13  2 22  56345   0.0355  0.0035   0.3337  0.0037   0.21290  0.00243
P  13  2 23  56346   0.0355  0.0036   0.3348  0.0038   0.21162  0.00254
P  13  2 24  56347   0.0355  0.0037   0.3360  0.0039   0.21024  0.00265
P  13  2 25  56348   0.0355  0.0038   0.3372  0.0041   0.20872  0.00277
P  13  2 26  56349   0.0355  0.0039   0.3383  0.0042   0.20707  0.00288
P  13  2 27  56350   0.0356  0.0040   0.3395  0.0043   0.20533  0.00299
P  13  2 28  56351   0.0357  0.0040   0.3407  0.0044   0.20357  0.00309
P  13  3  1  56352   0.0359  0.0041   0.3418  0.0045   0.20185  0.00320
P  13  3  2  56353   0.0360  0.0042   0.3430  0.0046   0.20022  0.00330
P  13  3  3  56354   0.0362  0.0043   0.3442  0.0047   0.19873  0.00341
P  13  3  4  56355   0.0364  0.0044   0.3453  0.0049   0.19736  0.00351
P  13  3  5  56356   0.0366  0.0044   0.3465  0.0050   0.19611  0.00361
P  13  3  6  56357   0.0369  0.0045   0.3477  0.0051   0.19488  0.00371
P  13  3  7  56358   0.0372  0.0046   0.3488  0.0052   0.19362  0.00381
P  13  3  8  56359   0.0375  0.0047   0.3500  0.0053   0.19225  0.00391
P  13  3  9  56360   0.0379  0.0047   0.3511  0.0054   0.19075  0.00401
P  13  3 10  56361   0.0382  0.0048   0.3523  0.0055   0.18912  0.00411
P  13  3 11  56362   0.0386  0.0049   0.3534  0.0056   0.18740  0.00420
P  13  3 12  56363   0.0390  0.0050   0.3546  0.0057   0.18566  0.00430
P  13  3 13  56364   0.0395  0.0050   0.3557  0.0058   0.18397  0.00439
P  13  3 14  56365   0.0400  0.0051   0.3568  0.0059   0.18237  0.00448
P  13  3 15  56366   0.0405  0.0052   0.3579  0.0060   0.18090  0.00458
P  13  3 16  56367   0.0410  0.0052   0.3590  0.0061   0.17955  0.00467
P  13  3 17  56368   0.0415  0.0053   0.3602  0.0062   0.17832  0.00476
P  13  3 18  56369   0.0421  0.0054   0.3612  0.0063   0.17717  0.00485
P  13  3 19  56370   0.0427  0.0054   0.3623  0.0064   0.17606  0.00494
P  13  3 20  56371   0.0433  0.0055   0.3634  0.0065   0.17494  0.00503
P  13  3 21  56372   0.0440  0.0056   0.3645  0.0066   0.17377  0.00512
P  13  3 22  56373   0.0447  0.0056   0.3656  0.0067   0.17250  0.00521
P  13  3 23  56374   0.0454  0.0057   0.3666  0.0068   0.17110  0.00530
P  13  3 24  56375   0.0461  0.0058   0.3676  0.0069   0.16955  0.00539
P  13  3 25  56376   0.0468  0.0058   0.3687  0.0070   0.16785  0.00548
P  13  3 26  56377   0.0476  0.0059   0.3697  0.0071   0.16604  0.00556
P  13  3 27  56378   0.0484  0.0059   0.3707  0.0072   0.16415  0.00565
P  13  3 28  56379   0.0492  0.0060   0.3717  0.0073   0.16226  0.00574
P  13  3 29  56380   0.0501  0.0061   0.3727  0.0074   0.16045  0.00582
P  13  3 30  56381   0.0509  0.0061   0.3737  0.0074   0.15876  0.00591
P  13  3 31  56382   0.0518  0.0062   0.3746  0.0075   0.15722  0.00599
P  13  4  1  56383   0.0527  0.0062   0.3756  0.0076   0.15580  0.00608
P  13  4  2  56384   0.0536  0.0063   0.3765  0.0077   0.15445  0.00616
P  13  4  3  56385   0.0546  0.0064   0.3774  0.0078   0.15309  0.00624
P  13  4  4  56386   0.0556  0.0064   0.3783  0.0079   0.15168  0.00633
P  13  4  5  56387   0.0566  0.0065   0.3792  0.0080   0.15017  0.00641
P  13  4  6  56388   0.0576  0.0065   0.3801  0.0081   0.14857  0.00649
P  13  4  7  56389   0.0586  0.0066   0.3810  0.0082   0.14689  0.00657
P  13  4  8  56390   0.0597  0.0066   0.3818  0.0083   0.14518  0.00666
P  13  4  9  56391   0.0607  0.0067   0.3826  0.0083   0.14351  0.00674
P  13  4 10  56392   0.0618  0.0068   0.3834  0.0084   0.14192  0.00682
P  13  4 11  56393   0.0630  0.0068   0.3842  0.0085   0.14047  0.00690
P  13  4 12  56394   0.0641  0.0069   0.3850  0.0086   0.13917  0.00698
P  13  4 13  56395   0.0652  0.0069   0.3858  0.0087   0.13801  0.00706
P  13  4 14  56396   0.0664  0.0070   0.3865  0.0088   0.13696  0.00714
P  13  4 15  56397   0.0676  0.0070   0.3872  0.0089   0.13599  0.00722
P  13  4 16  56398   0.0688  0.0071   0.3879  0.0090   0.13505  0.00730
P  13  4 17  56399   0.0700  0.0071   0.3886  0.0090   0.13410  0.00738
P  13  4 18  56400   0.0713  0.0072   0.3893  0.0091   0.13309  0.00745
P  13  4 19  56401   0.0725  0.0072   0.3899  0.0092   0.13198  0.00753
P  13  4 20  56402   0.0738  0.0073   0.3906  0.0093   0.13075  0.00761
P  13  4 21  56403   0.0751  0.0074   0.3912  0.0094   0.12937  0.00769
P  13  4 22  56404   0.0764  0.0074   0.3918  0.0095   0.12785  0.00777
P  13  4 23  56405   0.0777  0.0075   0.3923  0.0096   0.12624  0.00784
P  13  4 24  56406   0.0790  0.0075   0.3929  0.0096   0.12458  0.00792
P  13  4 25  56407   0.0803  0.0076   0.3934  0.0097   0.12295  0.00800
P  13  4 26  56408   0.0817  0.0076   0.3939  0.0098   0.12143  0.00807
P  13  4 27  56409   0.0831  0.0077   0.3944  0.0099   0.12004  0.00815
P  13  4 28  56410   0.0845  0.0077   0.3948  0.0100   0.11879  0.00822
P  13  4 29  56411   0.0858  0.0078   0.3953  0.0100   0.11763  0.00830
P  13  4 30  56412   0.0873  0.0078   0.3957  0.0101   0.11648  0.00838
P  13  5  1  56413   0.0887  0.0079   0.3961  0.0102   0.11529  0.00845

* "P" indicates that data are predicted for that day
